4500
15900
1800
9200
-1
2100
3000
99000
29000
279000
1350
11000
11500
8500
55000
28000
4500
11500
550
139000
8700
11000
15000
2900
1500
-1
49750
45000
11700
449000
6000
102000
12900
10000
1800
9200
-1
2100
3000
99000
29000
279000
1350
11000
11500
8500
55000
28000
4500
11500
550
139000
8700
11000
15000
2900
1500
-1
49750
45000
11700
449000
6000
102000
4500
8700
1800
9200
-1
2100
3000
99000
29000
279000
1350
11000
11500
8500
55000
28000
4500
11500
550
139000
8700
11000
15000
2900
1500
-1
49750
45000
11700
449000
6000
102000
15900
7900
1800
9200
-1
2100
3000
99000
29000
279000
1350
11000
11500
8500
55000
28000
4500
11500
550
139000
8700
11000
15000
2900
1500
-1
49750
45000
11700
449000
6000
102000
2800
99000
1800
9200
-1
2100
3000
99000
29000
279000
1350
11000
11500
8500
55000
28000
4500
11500
550
139000
8700
11000
15000
2900
1500
-1
49750
45000
11700
449000
6000
102000
12900
7900
1800
9200
-1
2100
3000
99000
29000
279000
1350
11000
11500
8500
55000
28000
4500
11500
550
139000
8700
11000
15000
2900
1500
-1
49750
45000
11700
449000
6000
102000
10000
99000
1800
9200
-1
2100
3000
99000
29000
279000
1350
11000
11500
8500
55000
28000
4500
11500
550
139000
8700
11000
15000
2900
1500
-1
49750
45000
11700
449000
6000
102000
12900
56400
1800
9200
-1
2100
3000
99000
29000
279000
1350
11000
11500
8500
55000
28000
4500
11500
550
139000
8700
11000
15000
2900
1500
-1
49750
45000
11700
449000
6000
102000
12900
26400
1800
9200
-1
2100
3000
99000
29000
279000
1350
11000
11500
8500
55000
28000
4500
11500
550
139000
8700
11000
15000
2900
1500
-1
49750
45000
11700
449000
6000
102000
65000
7900
1800
9200
-1
2100
3000
99000
29000
279000
1350
11000
11500
8500
55000
28000
4500
11500
550
139000
8700
11000
15000
2900
1500
-1
49750
45000
11700
449000
6000
102000
4500
8700
1800
9200
-1
2100
3000
99000
29000
279000
1350
11000
11500
8500
55000
28000
4500
11500
550
139000
8700
11000
15000
2900
1500
-1
49750
45000
11700
449000
6000
102000
4500
29500
1800
9200
-1
2100
3000
99000
29000
279000
1350
11000
11500
8500
55000
28000
4500
11500
550
139000
8700
11000
15000
2900
1500
-1
49750
45000
11700
449000
6000
102000
4500
34500
1800
9200
-1
2100
3000
99000
29000
279000
1350
11000
11500
8500
55000
28000
4500
11500
550
139000
8700
11000
15000
2900
1500
-1
49750
45000
11700
449000
6000
102000
15900
99000
1800
9200
-1
2100
3000
99000
29000
279000
1350
11000
11500
8500
55000
28000
4500
11500
550
139000
8700
11000
15000
2900
1500
-1
49750
45000
11700
449000
6000
102000
12900
159000
1800
9200
-1
2100
3000
99000
29000
279000
1350
11000
11500
8500
55000
28000
4500
11500
550
139000
8700
11000
15000
2900
1500
-1
49750
45000
11700
449000
6000
102000
159000
10000
1800
9200
-1
2100
3000
99000
29000
279000
1350
11000
11500
8500
55000
28000
4500
11500
550
139000
8700
11000
15000
2900
1500
-1
49750
45000
11700
449000
6000
102000
39500
10000
1800
9200
-1
2100
3000
99000
29000
279000
1350
11000
11500
8500
55000
28000
4500
11500
550
139000
8700
11000
15000
2900
1500
-1
49750
45000
11700
449000
6000
102000
65000
34500
1800
9200
-1
2100
3000
99000
29000
279000
1350
11000
11500
8500
55000
28000
4500
11500
550
139000
8700
11000
15000
2900
1500
-1
49750
45000
11700
449000
6000
102000
65000
29500
1800
9200
-1
2100
3000
99000
29000
279000
1350
11000
11500
8500
55000
28000
4500
11500
550
139000
8700
11000
15000
2900
1500
-1
49750
45000
11700
449000
6000
102000
18000
39500
1800
9200
-1
2100
3000
99000
29000
279000
1350
11000
11500
8500
55000
28000
4500
11500
550
139000
8700
11000
15000
2900
1500
-1
49750
45000
11700
449000
6000
102000
34500
99000
1800
9200
-1
2100
3000
99000
29000
279000
1350
11000
11500
8500
55000
28000
4500
11500
550
139000
8700
11000
15000
2900
1500
-1
49750
45000
11700
449000
6000
102000
39500
26400
1800
9200
-1
2100
3000
99000
29000
279000
1350
11000
11500
8500
55000
28000
4500
11500
550
139000
8700
11000
15000
2900
1500
-1
49750
45000
11700
449000
6000
102000
4500
10000
1800
9200
-1
2100
3000
99000
29000
279000
1350
11000
11500
8500
55000
28000
4500
11500
550
139000
8700
11000
15000
2900
1500
-1
49750
45000
11700
449000
6000
102000
159000
7900
1800
9200
-1
2100
3000
99000
29000
279000
1350
11000
11500
8500
55000
28000
4500
11500
550
139000
8700
11000
15000
2900
1500
-1
49750
45000
11700
449000
6000
102000
29500
8700
1800
9200
-1
2100
3000
99000
29000
279000
1350
11000
11500
8500
55000
28000
4500
11500
550
139000
8700
11000
15000
2900
1500
-1
49750
45000
11700
449000
6000
102000
4500
8700
1800
9200
-1
2100
3000
99000
29000
279000
1350
11000
11500
8500
55000
28000
4500
11500
550
139000
8700
11000
15000
2900
1500
-1
49750
45000
11700
449000
6000
102000
4500
159000
1800
9200
-1
2100
3000
99000
29000
279000
1350
11000
11500
8500
55000
28000
4500
11500
550
139000
8700
11000
15000
2900
1500
-1
49750
45000
11700
449000
6000
102000

